525
535
554
572
595
611
626
623
637
652
687
712
748
775
790
793
798
794
797
800
823
843
868
849
829
805
813
818
844
873
900
882
884
912
963
1006
1029
1069
1099
1129
1147
1161
1172
1170
1166
1163
1176
1176
1181
1182
1213
1246
1275
1300
1316
1336
1353
1373
1390
1397
1413
1449
1486
1511
1511
1504
1498
1499
1515
1537
1534
1558
1567
1601
1599
1613
1624
1637
1642
1653
1662
1678
1716
1754
1788
1791
1807
1820
1843
1854
1868
1889
1906
1918
1916
1918
1925
1942
1958
1971
1989
2033
2077
2112
2127
2150
2167
2185
2200
2217
2218
2231
2256
2300
2323
2330
2328
2330
2346
2364
2392
2427
2465
2496
2498
2504
2505
2499
2483
2472
2497
2531
2570
2590
2601
2606
2611
2620
2628
2638
2649
2655
2660
2660
2666
2669
2680
2687
2697
2699
2711
2708
2687
2634
2595
2572
2575
2583
2608
2626
2635
2627
2622
2627
2634
2637
2634
2632
2636
2645
2649
2653
2641
2640
2645
2661
2665
2656
2651
2652
2666
2689
2709
2727
2735
2745
2749
2750
2751
2745
2740
2752
2770
2807
2827
2867
2887
2905
2912
2923
2939
2960
2987
3004
3011
3005
3006
3006
2983
2958
2947
2971
2997
3009
3027
3046
3069
3082
3096
3113
3134
3154
3169
3172
3174
3172
3150
3129
3108
3110
3111
3144
3215
3283
3312
3305
3301
3306
3332
3358
3387
3389
3405
3420
3439
3446
3459
3456
3451
3452
3471
3490
3495
3496
3500
3502
3506
3504
3511
3512
3519
3513
3511
3503
3495
3489
3503
3524
3549
3558
3566
3572
3589
3631
3671
3700
3704
3708
3703
3698
3698
3697
3694
3686
3684
3684
3681
3682
3685
3691
3693
3693
3701
3719
3740
3751
3774
3807
3850
3852
3833
3806
3803
3793
3790
3786
3804
3816
3820
3826
3832
3863
3886
3910
3919
3933
3943
3965
3988
4004
4007
4000
4023
4046
4065
4063
4046
4058
4048
4046
4017
4020
4034
4056
4068
4068
4039
4026
4021
4046
4055
4039
4028
4020
4042
4065
4085
4103
4111
4126
4131
4148
4178
4213
4245
4255
4262
4260
4245
4231
4184
4153
4124
4142
4174
4207
4226
4230
4241
4256
4275
4281
4288
4289
4309
4325
4322
4314
4302
4311
4311
4331
4352
4370
4359
4345
4342
4316
4292
4277
4306
4336
4342
4337
4331
4335
4342
4351
4354
4361
4363
4363
4361
4359
4362
4363
4367
4375
4385
4406
4428
4455
4466
4472
4463
4457
4448
4450
4455
4469
4481
4503
4513
4528
4532
4573
4627
4702
4759
4796
4817
4844
4867
4886
4877
4872
4874
4885
4902
4911
4917
4911
4888
4856
4830
4822
4829
4832
4841
4838
4827
4793
4776
4771
4786
4791
4794
4794
4814
4839
4866
4875
4893
4902
4930
4956
5004
5034
5054
5059
5064
5067
5065
5062
5074
5099
5122
5134
5170
5213
5254
5265
5271
5281
5274
5267
5246
5264
5279
5309
5317
5330
5336
5326
5285
5247
5219
5216
5213
5220
5232
5245
5254
5269
5283
5285
5280
5274
5277
5285
5302
5319
5325
5319
5315
5317
5329
5331
5333
5336
5348
5362
5365
5363
5357
5352
5347
5340
5336
5369
5406
5440
5443
5446
5452
5463
5474
5484
5483
5482
5477
5465
5469
5466
5478
5474
5478
5487
5525
5567
5600
5600
5603
5603
5605
5619
5636
5682
5701
5729
5733
5748
5755
5759
5759
5761
5748
5748
5774
5820
5858
5872
5884
5896
5901
5903
5892
5883
5884
5902
5920
5940
5953
5954
5964
5981
6000
5995
5986
5987
6015
6063
6116
6146
6146
6126
6105
6101
6112
6123
6136
6149
6157
6159
6162
6195
6229
6263
6270
6280
6292
6304
6308
6312
6340
6377
6425
6451
6468
6471
6493
6520
6545
6552
6556
6567
6580
6600
6621
6623
6623
6618
6630
6639
6647
6650
6650
6650
6651
6663
6681
6702
6698
6694
6680
6671
6678
6698
6742
6774
6805
6820
6831
6840
6835
6808
6783
6770
6775
6778
6783
6792
6799
6804
6811
6821
6837
6882
6926
6969
6982
6995
7005
7014
7030
7044
7057
7053
7047
7039
7042
7060
7068
7064
7026
6995
6976
6977
6981
6987
6996
7000
7001
6990
6982
6971
6998
6993
6992
6961
6959
6954
6961
6992
7028
7050
7048
7059
7102
7154
7190
7202
7207
7205
7216
7231
7254
7263
7274
7257
7224
7223
7235
7258
7266
7288
7315
7320
7313
7303
7293
7297
7308
7318
7328
7333
7344
7351
7363
7367
7354
7341
7330
7356
7378
7398
7400
7402
7403
7407
7408
7401
7391
7402
7447
7492
7521
7540
7565
7588
7629
7666
7709
7721
7738
7755
7772
7804
7833
7881
7916
7948
7969
7983
7996
8009
8036
8073
8115
8143
8161
8177
8179
8182
8171
8172
8176
8181
8181
8177
8175
8200
8225
8261
8258
8255
8253
8273
8294
8301
8307
8314
8323
8334
8351
8378
8399
8414
8440
8462
8482
8478
8480
8480
8483
8491
8503
8518
8533
8544
8552
8555
8560
8561
8569
8582
8613
8648
8683
8704
8718
8727
8719
8712
8703
8712
8712
8729
8740
8754
8751
8761
8789
8819
8848
8858
8868
8873
8871
8869
8868
8881
8899
8917
8968
9012
9058
9069
9082
9079
9099
9121
9146
9153
9166
9187
9206
9228
9274
9317
9347
9366
9425
9481
9521
9534
9571
9608
9645
9663
9701
9713
9732
9726
9726
9716
9710
9719
9729
9744
9744
9752
9730
9715
9699
9717
9730
9719
9701
9680
9688
9694
9704
9714
9740
9770
9792
9790
9780
9768
9770
9775
9778
9783
9789
9791
9793
9753
9730
9682
9676
9638
9646
9645
9675
9678
9730
9775
9822
9828
9843
9856
9870
9866
9864
9861
9867
9870
9876
9851
9835
9817
9839
9851
9870
9885
9898
9913
9920
9939
9961
9973
9980
9984
9994
10003
10004
10006
10008
10008
10002
9990
9938
9902
9884
9903
9925
9943
9970
9990
9996
10008
10022
10042
10048
10055
10060
10044
10024
10006
10035
10050
10069
10060
10061
10061
10065
10072
10077
10086
10098
10115
10129
10142
10144
10146
10151
10159
10164
10177
10215
10249
10263
10251
10245
10246
10253
10262
10272
10279
10295
10309
10330
10340
10324
10299
10272
10271
10272
10284
10301
10336
10360
10370
10370
10388
10416
10437
10431
10428
10429
10437
10444
10434
10441
10480
10532
10572
10577
10582
10565
10546
10536
10541
10548
10550
10555
10560
10572
10588
10604
10608
10612
10623
10632
10648
10642
10636
10622
10623
10627
10635
10643
10648
10645
10653
10663
10683
10700
10721
10754
10819
10880
10923
10939
10958
10978
10983
10969
10951
10946
10929
10913
10887
10889
10895
10905
10913
10923
10928
10935
10943
10948
10951
10968
10997
11019
11038
11025
11021
11001
11001
11013
11025
11042
11049
11056
11063
11068
11073
11077
11109
11136
11172
11181
11207
11246
11289
11321
11333
11346
11363
11385
11395
11405
11405
11423
11438
11457
11483
11516
11549
11600
11640
11678
11683
11696
11707
11726
11746
11765
11735
11698
11686
11718
11752
11771
11787
11798
11819
11836
11856
11863
11880
11895
11916
11941
11978
12003
12020
12040
12063
12086
12101
12115
12115
12107
12099
12090
12082
12074
12072
12074
12084
12119
12155
12185
12215
12256
12293
12323
12346
12374
12410
12437
12464
12487
12510
12538
12549
12585
12615
12651
12673
12694
12714
12725
12729
12733
12743
12760
12776
12775
12781
12779
12794
12806
12828
12844
12859
12868
12877
12898
12909
12920
12899
12892
12887
12899
12907
12919
12955
12989
13044
13068
13113
13133
13166
13176
13196
13222
13260
13289
13300
13304
13307
13340
13378
13417
13431
13433
13435
13427
13442
13457
13485
13494
13525
13554
13592
13603
13613
13616
13627
13643
13658
13667
13703
13742
13789
13791
13797
13799
13834
13879
13909
13914
13901
13899
13899
13902
13918
13952
13992
14015
14026
13999
13976
13953
13971
13996
14018
14032
14049
14060
14068
14063
14042
14011
13985
13982
13994
14004
14018
14022
14026
14025
14028
14034
14041
14050
14059
14086
14113
14139
14133
14120
14082
14057
14038
14042
14044
14046
14046
14045
14044
14053
14067
14078
14078
14078
14094
14114
14130
14132
14134
14139
14144
14148
14149
14156
14163
14172
14192
14215
14247
14262
14296
14322
14346
14346
14354
14378
14407
14425
14445
14460
14481
14517
14553
14587
14591
14590
14584
14578
14579
14583
14584
14585
14591
14606
14617
14636
14662
14694
14711
14715
14711
14710
14714
14725
14736
14739
14743
14759
14777
14791
14792
14823
14856
14892
14920
14948
14971
14984
15038
15094
15166
15223
15278
15291
15268
15263
15278
15304
15311
15309
15298
15290
15303
15331
15361
15369
15372
15380
15398
15419
15438
15448
15450
15447
15465
15491
15514
15510
15502
15518
15552
15589
15603
15626
15651
15681
15697
15721
15742
15769
15779
15809
15833
15861
15870
15873
15892
15910
15939
15954
15972
15984
15993
16019
16045
16076
16096
16132
16163
16196
16210
16227
16246
16274
16299
16313
16318
16324
16329
16337
16348
16358
16365
16371
16375
16395
16408
16424
16427
16426
16426
16423
16445
16472
16499
16516
16540
16590
16637
16673
16684
16681
16677
16683
16670
16656
16603
16576
16553
16561
16588
16610
16638
16676
16714
16743
16744
16759
16774
16799
16810
16822
16826
16831
16822
16813
16807
16814
16811
16805
16796
16795
16791
16790
16817
16846
16875
16884
16862
16829
16790
16782
16783
16770
16773
16780
16817
16835
16848
16848
16856
16869
16885
16896
16908
16923
16934
16918
16891
16870
16867
16867
16846
16829
16815
16817
16834
16875
16915
16943
16934
16932
16929
16936
16944
16948
16949
16971
17001
17040
17052
17067
17071
17086
17101
17117
17125
17127
17135
17139
17150
17153
17159
17157
17161
17143
17127
17098
17105
17108
17114
17108
17104
17109
17112
17127
17138
17164
17191
17222
17238
17247
17258
17272
17273
17268
17270
17277
17301
17313
17339
17332
17337
17321
17331
17352
17371
17385
17407
17421
17419
17392
17387
17394
17397
17403
17414
17427
17437
17455
17472
17491
17503
17516
17524
17546
17566
17609
17636
17664
17676
17687
17697
17693
17669
17656
17653
17670
17687
17691
17695
17696
17707
17724
17726
17734
17739
17758
17773
17785
17794
17806
17802
17787
17762
17753
17755
17764
17778
17789
17796
17796
17801
17808
17813
17804
17795
17790
17798
17812
17843
17883
17918
17938
17944
17950
17958
17970
17977
17960
17941
17928
17942
17959
17974
17984
18001
17999
18011
18032
18070
18092
18098
18108
18113
18114
18105
18096
18077
18069
18066
18072
18092
18125
18160
18179
18183
18186
18204
18235
18279
18307
18325
18331
18346
18368
18368
18359
18362
18383
18408
18413
18410
18412
18453
18519
18576
18594
18597
18616
18640
18687
18726
18788
18827
18852
18857
18867
18881
18877
18880
18881
18893
18893
18909
18922
18935
18936
18935
18945
18955
18976
18984
18992
19000
19010
19021
19027
19034
19044
19052
19059
19069
19091
19106
19125
19142
19168
19184
19192
19190
19168
19149
19143
19158
19174
19193
19224
19249
19266
19272
19280
19288
19295
19318
19357
19394
19421
19434
19453
19434
19416
19393
19405
19416
19441
19470
19494
19501
19492
19486
19487
19499
19512
19520
19551
19579
19622
19643
19673
19694
19707
19716
19709
19708
19702
19706
19714
19725
19736
19737
19738
19739
19739
19740
19739
19740
19739
19752
19757
19762
19766
19780
19794
19801
19799
19797
19797
19802
19807
19804
19818
19813
19810
19792
19803
19824
19850
19866
19874
19881
19888
19914
19953
20007
20042
20073
20084
20093
20098
20111
20150
20182
20207
20209
20201
20198
20199
20211
20223
20228
20242
20257
20278
20290
20298
20308
20332
20358
20340
20278
20212
20191
20199
20214
20197
20193
20186
20207
20222
20242
20271
20296
20319
20313
20307
20298
20308
20317
20326
20342
20356
20376
20381
20383
20379
20379
20379
20396
20432
20490
20531
20553
20564
20572
20602
20625
20641
20657
20678
20711
20715
20713
20693
20681
20669
20673
20684
20698
20710
20712
20714
20725
20740
20767
20773
20770
20776
20807
20845
20856
20859
20873
20890
20904
20905
20906
20920
20964
21008
21053
21067
21083
21069
21058
21043
21032
21021
21015
21025
21035
21056
21073
21118
21160
21185
21177
21159
21158
21152
21145
21123
21111
21100
21114
21110
21109
21103
21124
21125
21121
21108
21114
21123
21138
21175
21220
21268
21289
21315
21338
21381
21408
21425
21418
21411
21429
21459
21504
21525
21541
NaN
NaN
NaN
